0.37 1.04127915 0.12727180 1.23467878
0.36 1.03677463 0.16130185 1.28465019
0.35 1.04069095 0.12936531 1.24434292
0.34 1.03640653 0.16261490 1.29005360
0.33 1.04129242 0.12658503 1.24231991
0.32 1.03613422 0.15789676 1.28697126
0.31 1.04152648 0.12555278 1.24433787
0.30 1.03596968 0.15757446 1.29059557
0.29 1.04133188 0.12179487 1.24206733
0.28 1.03623494 0.15500747 1.29163848
0.27 1.04185823 0.12059068 1.24157716
0.26 1.03671470 0.15509585 1.29241682
0.25 1.04223348 0.11946876 1.24263826
0.24 1.03585834 0.15506313 1.30076734
0.23 1.04225954 0.11727394 1.24264315
0.22 1.03668823 0.15218429 1.29803698
0.21 1.04199878 0.11668786 1.24684631
0.20 1.03612401 0.15004611 1.29775975
0.19 1.04219785 0.11466828 1.24835369
0.18 1.03518298 0.15207697 1.31147235
0.17 1.04229019 -0.11372338 1.25064215
0.16 1.03440390 0.14794716 1.31066700
0.15 1.04152513 -0.11280892 1.25161478
0.14 1.03607449 0.14432347 1.30569224
0.13 1.04205839 0.10960181 1.25285911
0.12 1.03448656 0.14410117 1.31305985
0.11 1.04212899 0.10746709 1.25473992
0.10 1.03506570 0.14153136 1.31269799
0.09 1.04285726 0.10717691 1.25614738
0.08 1.03482915 0.14018455 1.31851785
0.07 1.04177174 0.10550241 1.25899529
0.06 1.03487462 0.13826028 1.32074118
0.05 1.04222334 -0.10265285 1.25886044
0.04 1.03431072 0.13467119 1.32210174
0.03 1.04162584 0.10006426 1.26282294
0.02 1.03342264 0.13404936 1.32959123
0.01 1.04169754 0.09707295 1.26170566
0.00 1.04710300 0.07151543 1.21283648
-0.01 1.04144457 0.09764902 1.26932924
-0.02 1.04632299 0.06890848 1.21329375
-0.03 1.04053645 -0.09574784 1.27306285
-0.04 1.04550683 0.06749934 1.21654155
-0.05 1.03980708 0.09356077 1.27754206
-0.06 1.04574088 0.06530193 1.21715965
-0.07 1.03954487 0.09028638 1.28102912
-0.08 1.04580198 -0.06389230 1.22113175
-0.09 1.03961032 0.08839396 1.28192220
-0.10 1.04518535 0.06121300 1.22349428
-0.11 1.03873576 0.08607787 1.28683791
-0.12 1.04391729 -0.05975660 1.22877321
-0.13 1.03785092 0.08395977 1.29262137
-0.14 1.04354650 0.05717380 1.23131045
-0.15 1.03685917 -0.08192335 1.30112604
-0.16 1.04256400 0.05510275 1.23612097
-0.17 1.03577947 0.07839520 1.30350947
-0.18 1.04177286 -0.05283776 1.24062582
-0.19 1.03435133 0.07650902 1.31430045
-0.20 1.04022297 -0.05050534 1.24657005
-0.21 1.03287791 0.07290621 1.32200607
-0.22 1.03865854 -0.04850693 1.25450975
-0.23 1.03213474 -0.07016884 1.33129463
-0.24 1.03597492 -0.04647181 1.26535420
-0.25 1.02996838 -0.06648756 1.34201450
-0.26 1.03366235 -0.04396999 1.27667361
-0.27 1.02757870 -0.06275987 1.35785366
-0.28 1.03045811 0.04088337 1.29187616
-0.29 1.02389504 0.05861834 1.37481723
-0.30 1.02618684 -0.03762235 1.30854080
-0.31 1.02004758 -0.05496613 1.40640075
-0.32 1.02060322 -0.03347242 1.33429177
-0.33 1.01453648 0.05002255 1.44754740
-0.34 1.01501104 -0.02840184 1.36694076
-0.35 1.00769483 -0.04324677 1.51108848
-0.36 1.00583617 0.01904794 1.42919557
-0.37 1.00030894 -0.03143110 1.66876026
