0.37 1.00025282 -0.03094203 1.65820276
0.36 1.00596300 -0.01901110 1.42716751
0.35 1.00748712 -0.04347635 1.51488432
0.34 1.01490868 -0.02837768 1.36718366
0.33 1.01431898 -0.04998517 1.44644752
0.32 1.02055810 -0.03362664 1.33548136
0.31 1.02005021 -0.05462477 1.40347113
0.30 1.02644015 0.03785233 1.30806688
0.29 1.02392248 -0.05904145 1.37721253
0.28 1.03087632 -0.04100274 1.28857483
0.27 1.02752569 -0.06261001 1.35501057
0.26 1.03397281 -0.04388434 1.27679588
0.25 1.02943005 -0.06665320 1.34189022
0.24 1.03661334 -0.04602144 1.26311416
0.23 1.03127394 -0.07063229 1.33631701
0.22 1.03840328 -0.04885916 1.25537698
0.21 1.03344968 0.07397387 1.32265612
0.20 1.04087284 0.05080621 1.24578175
0.19 1.03475692 0.07662677 1.31397203
0.18 1.04196788 -0.05303523 1.24092734
0.17 1.03678520 0.07935514 1.30439480
0.16 1.04322554 0.05459030 1.23186607
0.15 1.03596256 -0.08201652 1.30329940
0.14 1.04361519 0.05726735 1.23044519
0.13 1.03802599 -0.08487410 1.29545145
0.12 1.04528837 0.06039579 1.22797249
0.11 1.03872435 0.08617361 1.28661534
0.10 1.04458994 0.06105494 1.22275132
0.09 1.03952050 0.08849871 1.28328831
0.08 1.04522044 0.06335910 1.22124887
0.07 1.03991348 0.09081941 1.27973646
0.06 1.04507522 0.06642163 1.22088402
0.05 1.03990173 0.09420050 1.27859485
0.04 1.04631346 0.06712538 1.21531552
0.03 1.04003536 -0.09354476 1.27015995
0.02 1.04537509 0.06852230 1.21278397
0.01 1.04125666 0.09720519 1.26692927
0.00 1.04668980 0.07093478 1.21009288
-0.01 1.04126124 0.09776769 1.26333401
-0.02 1.03316925 0.13427824 1.32767851
-0.03 1.04123205 0.10101932 1.26356371
-0.04 1.03298088 0.13634542 1.32835965
-0.05 1.04217531 0.10335540 1.26301389
-0.06 1.03396954 0.13953092 1.32316750
-0.07 1.04200835 0.10406255 1.25498310
-0.08 1.03437999 0.13974071 1.31882189
-0.09 1.04160624 0.10644035 1.25678880
-0.10 1.03502423 0.14074392 1.31159447
-0.11 1.04223787 0.10913255 1.25814564
-0.12 1.03488696 0.14241622 1.31152465
-0.13 1.04186289 0.10928521 1.25288309
-0.14 1.03520115 0.14421470 1.30725785
-0.15 1.04257362 -0.11127218 1.24828870
-0.16 1.03541778 0.14661280 1.30763948
-0.17 1.04126841 0.11435785 1.24870081
-0.18 1.03489581 0.14718603 1.30191064
-0.19 1.04229352 0.11416443 1.24457465
-0.20 1.03506355 0.14981639 1.30395272
-0.21 1.04160981 0.11674905 1.24669221
-0.22 1.03618115 0.15167659 1.29730851
-0.23 1.04119548 0.11890773 1.24589169
-0.24 1.03453595 0.15574549 1.30262027
-0.25 1.04139049 0.11960535 1.24269660
-0.26 1.03658383 0.15375338 1.29580262
-0.27 1.04109328 0.12043319 1.24413970
-0.28 1.03545654 0.15846413 1.29859599
-0.29 1.04210431 0.12278074 1.24159732
-0.30 1.03667725 0.15788437 1.29005177
-0.31 1.04229201 0.12620788 1.24311777
-0.32 1.03660867 0.15687196 1.28716286
-0.33 1.04149611 0.12731997 1.24178975
-0.34 1.03588170 0.15899825 1.28773168
-0.35 1.04090192 0.12784401 1.23993235
-0.36 1.03665308 0.15977452 1.28364005
-0.37 1.04131510 0.12921305 1.23772517
